2 3
1 -2 13
4 -5 -10
LRT
1 1
-3

1 1
22

2 2
1 2
3 4
LB
10 3
862 306 -200
-20 -463 -734
259 -383 -586
934 -595 -423
31 838 -152
-598 950 -135
303 997 -554
884 -645 -953
-912 -91 198
-930 -826 -727
LRTBTBTBTTB
2 2
1 2
3 4
LT
2 2
1 2
3 4
LB
2 2
1 2
3 4
RB
2 2
1 2
3 4
RT
1 10
1 2 3 4 5 6 7 8 9 10
LRLRLRLRL
10 1
1
2
3
4
5
6
7
8
9
10
TBTBBTBTT
3 3
1 2 3
4 5 6
-7 -8 -9
RRTT
3 3
1 2 3
4 5 6
-7 -8 -9
LLBB
3 3
1 2 3
4 5 6
-7 -8 -9
LBLB
3 3
-1 2 3
4 -5 6
-7 -8 -9
LBRB
3 3
-1 2 3
4 -5 6
-7 -8 -9
LTRB
3 3
-1 2 3
4 -5 6
-7 -8 -9
LBRT
5 5
1 2 3 4 5
6 7 8 9 10
11 12 13 14 15
16 17 18 19 20
21 22 23 24 25
TTTTLLLL
5 5
1 2 3 4 5
6 7 8 9 10
11 12 13 14 15
16 17 18 19 20
21 22 23 24 25
TBBRTLLL
5 5
1 2 3 4 -5
6 7 8 9 10
11 -12 13 14 15
16 17 -18 19 20
21 22 -23 24 25
TBBRTRLL
5 5
-1 2 3 4 5
-6 -7 8 9 10
-11 12 -13 14 -15
-16 17 18 19 -20
21 22 -23 -24 25
TBBRBLLR
20 20
-324 -380 743 631 -411 -738 961 -654 -555 -161 -595 -900 807 -610 861 825 91 -948 595 -897
879 316 -562 -309 25 741 686 -360 -682 -32 623 -62 -806 -468 -260 -15 -917 -617 -918 154
-125 -574 -961 -645 -495 203 -364 710 703 -486 206 -215 409 -378 737 66 -81 -875 -742 239
551 2 753 56 -937 630 -112 825 -960 -390 -345 -320 -704 -254 484 -553 981 729 898 4
650 704 -524 -172 658 -464 519 235 -595 -78 793 -18 969 145 -575 -550 -692 627 21 421
242 116 114 52 -583 239 -772 -666 -439 -355 -572 -390 -19 -12 -54 807 -698 -543 621 509
-339 425 -208 -18 789 591 45 -291 526 -68 315 615 -848 -106 917 530 -356 -917 943 -48
-284 -890 390 -129 -599 -200 -565 -874 41 -800 -491 -542 -693 71 -660 189 -51 -696 -280 134
579 -506 -807 -993 441 -129 245 -917 -462 492 -911 300 851 -908 422 910 -726 -581 -866 700
-417 -116 371 589 -381 -917 194 907 -534 597 -260 602 779 -478 -282 420 -946 60 -691 368
-658 837 9 661 187 964 -962 616 410 -380 481 8 -51 293 -107 -255 -844 -172 -345 -847
881 -955 -37 423 -882 -170 -109 82 -91 709 -245 880 877 190 -523 621 -420 -306 408 -934
-489 759 -649 780 731 -293 507 598 372 621 903 986 -580 -410 -369 -317 406 316 -368 25
-876 -404 397 479 -73 800 891 -929 893 -569 130 -310 356 -196 800 451 386 -130 -781 -683
-114 -843 -947 837 878 746 -808 551 201 34 -369 -123 -37 -566 -219 -964 708 990 -698 -622
194 -773 -340 -491 177 556 -246 -640 988 -710 -64 -364 -698 -114 -800 -809 784 -994 448 -666
586 -283 874 -340 45 -754 -597 875 455 103 301 -830 398 -470 -77 620 -407 660 -180 -758
-112 -151 -174 52 282 -284 -772 -45 -759 -465 365 720 693 136 -528 -392 -338 655 -816 -868
545 -559 -247 206 -658 -872 940 -923 -518 645 615 326 252 642 -488 -72 970 -441 428 -13
-798 215 443 -430 -61 200 984 -717 772 -724 96 487 948 -175 -539 447 -650 -396 -952 950
LTLTLTLTLTLTLTLTLTLTLTLTLTLTLTLTLTLTLT
20 20
-324 -380 743 631 -411 -738 961 -654 -555 -161 -595 -900 807 -610 861 825 91 -948 595 -897
879 316 -562 -309 25 741 686 -360 -682 -32 623 -62 -806 -468 -260 -15 -917 -617 -918 154
-125 -574 -961 -645 -495 203 -364 710 703 -486 206 -215 409 -378 737 66 -81 -875 -742 239
551 2 753 56 -937 630 -112 825 -960 -390 -345 -320 -704 -254 484 -553 981 729 898 4
650 704 -524 -172 658 -464 519 235 -595 -78 793 -18 969 145 -575 -550 -692 627 21 421
242 116 114 52 -583 239 -772 -666 -439 -355 -572 -390 -19 -12 -54 807 -698 -543 621 509
-339 425 -208 -18 789 591 45 -291 526 -68 315 615 -848 -106 917 530 -356 -917 943 -48
-284 -890 390 -129 -599 -200 -565 -874 41 -800 -491 -542 -693 71 -660 189 -51 -696 -280 134
579 -506 -807 -993 441 -129 245 -917 -462 492 -911 300 851 -908 422 910 -726 -581 -866 700
-417 -116 371 589 -381 -917 194 907 -534 597 -260 602 779 -478 -282 420 -946 60 -691 368
-658 837 9 661 187 964 -962 616 410 -380 481 8 -51 293 -107 -255 -844 -172 -345 -847
881 -955 -37 423 -882 -170 -109 82 -91 709 -245 880 877 190 -523 621 -420 -306 408 -934
-489 759 -649 780 731 -293 507 598 372 621 903 986 -580 -410 -369 -317 406 316 -368 25
-876 -404 397 479 -73 800 891 -929 893 -569 130 -310 356 -196 800 451 386 -130 -781 -683
-114 -843 -947 837 878 746 -808 551 201 34 -369 -123 -37 -566 -219 -964 708 990 -698 -622
194 -773 -340 -491 177 556 -246 -640 988 -710 -64 -364 -698 -114 -800 -809 784 -994 448 -666
586 -283 874 -340 45 -754 -597 875 455 103 301 -830 398 -470 -77 620 -407 660 -180 -758
-112 -151 -174 52 282 -284 -772 -45 -759 -465 365 720 693 136 -528 -392 -338 655 -816 -868
545 -559 -247 206 -658 -872 940 -923 -518 645 615 326 252 642 -488 -72 970 -441 428 -13
-798 215 443 -430 -61 200 984 -717 772 -724 96 487 948 -175 -539 447 -650 -396 -952 950
LTRTLTLTLTLTLTLTLTLBLBLTRTLTLTLTLBTLBL
8 9
707 136 -686 -789 632 -895 718 -351 -448
-742 243 197 211 -208 -508 -643 -291 419
703 -570 -526 -32 496 268 17 -95 -611
883 -773 327 743 56 432 57 -725 790
-709 -238 828 -308 -421 -497 -99 -382 668
331 -913 -145 -706 379 624 -14 985 -698
-893 -174 -232 947 -484 172 69 431 366
-197 -701 141 -705 -821 539 -745 -525 -515
TTBRLRRTBBBLLLL
20 6
385 697 -137 285 -892 -659
277 -372 963 459 -729 271
-541 -95 -479 -101 68 475
-808 855 27 -476 893 -343
-688 -869 -489 -664 862 -244
-630 111 -954 560 246 -645
845 798 -295 239 -641 -450
550 515 696 484 231 146
-867 -604 854 160 -355 701
611 95 889 103 386 -699
-774 588 -478 483 -626 -563
-136 -342 756 309 649 811
822 102 -361 13 61 -164
789 -284 -852 553 600 -963
702 498 663 416 794 887
85 812 -237 68 -911 101
-772 521 -826 -313 727 -858
-443 734 524 210 -18 -143
-667 -105 -226 236 -834 815
-286 -251 741 61 -952 520
TTBTBBBTRBTBBBTTTBLBBLRR
7 9
-707 -251 -200 708 77 -891 974 -267 -191
91 223 -861 -754 -400 -724 -97 -991 602
-170 986 998 -986 -660 559 771 852 205
361 897 -958 82 -166 850 520 -279 -672
461 224 -444 -832 -502 -19 -161 -565 -80
633 -689 -161 -865 17 430 -820 -795 -791
-818 -195 -971 300 -350 718 85 959 471
BBTLLLLTBBLLLL
9 4
-29 -924 859 -848
716 -625 396 704
-224 225 227 -766
519 -962 361 366
-564 -314 -975 409
-380 -19 698 806
-330 -780 624 -319
-223 533 -41 -166
-390 -425 182 -758
BBBBRRBBBBR
11 9
-224 -69 -470 943 -451 -796 -957 -561 -380
-43 747 331 -792 122 -121 -189 258 -936
615 -51 -864 -829 210 -752 478 -148 -362
-207 -575 502 -341 -1 -913 -821 417 -220
-223 -919 -82 -976 -885 -377 -198 -544 945
-80 -920 53 984 -522 -138 -549 954 -498
-902 -941 -132 -78 -931 530 180 -80 -991
766 989 -384 234 -300 -482 760 764 992
-976 610 277 -755 -510 -638 341 -989 66
-419 501 -705 593 -783 771 418 -883 -972
-357 -897 -781 754 567 -172 144 -303 -841
RRLLTTBTBLRLLBBBBT
0 0
