Case 1: 10 13 1 2
Case 2:
Case 3: 22
Case 4: 2 3
Case 5: 950 598 135 423 20 734 862 259 383 31 953 930 727 198 91 303
Case 6: 4 1
Case 7: 2 3
Case 8: 1 4
Case 9: 3 2
Case 10: 6 8 10 4 2
Case 11: 6 8 10 4 2
Case 12: 8 1 3 5
Case 13: 3 1 8 5
Case 14: 3 1 5 8
Case 15: 2 1 6 9 7 4 5
Case 16: 3 8
Case 17: 8 3
Case 18: 25 15 5 23 13 3 21 11 1 17 7 19 9
Case 19: 14 24 20 10 4 12 22 2 6 16 8 18
Case 20: 13 18 3 9 15 25 19 11 21 1 7 17 12
Case 21: 8 18 23 13 1 11 12 22 2 7 14 15 10 4
Case 22: 950 447 487 200 215 798 61 539 650 952 428 970 252 615 940 545 559 872 923 72 441 655 136 720 52 112 174 772 759 528 338 398 301 455 45 874 586 283 340 754 830 470 556 340 246 64 698 800 201 878 843 123 566 800 479 876 73 903 372 507 731 293 880 709 82 423 37 882 109 91 245 481 410 187 9 380 597 907 589 417 381 534 245 441 579 506 993 129 917 284 599 565 45 789 18 239 52 116 583 658 650 172 56 2 574 316 380 743 562 645 937 630 741 738 464 519 961 112 772 825 654 291 526 703 682 960 439 161 486 78 68 315 793 206 345 572 491 260 602 900 215 18 851 969 409 807 806 704 19 693 190 71 610 378 106 908 410 422 917 737 861 260 54 660 282 523 451 621 420 189 807 550 255 317 964 708 406 91 917 698 51 946 420 60 729 948 875 917 581 172 943 21 595 918 280 691 781 816 368 134 509 4 154 897 48 847 622 758 13
Case 23: 781 847 943 48 21 154 897 595 918 4 509 134 280 368 691 60 729 948 875 917 581 172 622 655 441 428 13 950 952 816 758 970 650 338 447 72 136 720 487 615 200 215 798 61 940 545 559 872 923 52 112 174 772 759 252 539 528 398 301 455 45 874 586 283 340 754 830 470 556 340 246 64 698 800 201 878 843 123 566 800 479 876 73 903 372 507 731 293 880 709 82 423 37 882 109 91 245 602 900 215 18 597 161 486 78 68 526 703 682 960 439 825 654 291 45 519 961 112 772 239 630 741 738 464 658 937 56 645 743 562 316 380 574 2 650 172 52 116 583 789 18 284 599 565 245 441 579 506 993 129 917 907 589 417 381 534 315 793 206 345 572 491 260 481 410 187 9 380 851 969 409 807 806 704 19 693 190 71 610 378 106 908 410 422 917 737 861 260 54 660 282 523 451 621 420 189 807 550 255 317 964 708 406 91 917 698 51 946 420
Case 24: 432 17 718 643 351 95 895 624 985 698 14 69 745 366 515 539 668 382 497 743 211 789 32 308 703 707 742 243 570 197 174 238 828 145 821 496 632 208
Case 25: 854 954 663 237 852 95 822 702 286 443 136 812 734 105 845 385 808 630 515 111 855 95 869 604 450 862 68 729 271 659 244 146 563 61 164 794 101 520 858 727 952 18 911 811 103 309 553 68 210 61 313 484 560 459 101 664
Case 26: 205 471 791 672 771 974 97 85 820 998 986 223 251 861 77 400 161 461 195 832 82 897 958 166 850 430 19 891 565 267
Case 27: 223 380 704 366 624 182 41 806 758 319 533 425 780 314 227 766 859 848 924
Case 28: 198 223 82 885 530 991 902 132 931 418 883 841 754 357 781 610 976 510 766 760 992 482 53 920 138 122 451 502 575 331 224 470 864 943 792 341 380 957 362 121 913
