6 0 0 60
1 1
0 1
2 -1
1 10
1 11
1 12
6 5 5 90
1 4 5 10 6 9 7 4
8 6 10 6
20 20 20 180
1 21 3 21 5 21 7 21 9 21 11 21 13 21 15 21 17 21 19 21
21 21 23 21 25 21 27 21 29 21 31 21 33 21 35 21 37 21 39 21
6 0 0 30
10 3 10 5 20 3 20 7 -10 3 -10 5
10 0 0 30
209 -99 277 835 -866 602 514 -758 -509 -984 -558 813 -595 -449 733 930 -199 297 -979 233
100 20 20 100
-431 971 -8 -777 589 -662 -214 6 855 -5 -704 794 -834 -483 697 549 -546 47 351 -12
563 -902 302 80 235 -864 641 740 -329 908 864 388 -712 276 -468 921 -441 -684 262 492
267 -641 -407 690 -56 377 -372 428 581 661 -776 991 -479 -742 539 500 237 -219 -47 -247
-713 -994 -933 -624 853 15 -631 -663 894 -123 786 818 762 347 -690 -535 -84 -508 -776 -345
801 -886 -697 315 930 -73 -351 -556 321 -788 134 -909 301 -325 -579 886 -330 -912 257 280
534 320 -329 935 -404 -680 -782 -921 -194 665 646 -216 243 797 -853 582 780 -482 508 20
-344 896 853 -951 -787 73 -768 909 -919 -125 -253 778 577 378 669 396 807 445 -857 284
-503 93 -781 685 -714 -574 220 -737 290 579 -719 -836 -802 650 -907 -491 231 356 -165 -218
-239 738 -681 -40 -988 -637 360 189 888 -132 221 717 286 80 611 165 889 -387 -852 902
599 -212 -135 -134 971 -770 511 -644 900 -825 -768 -891 -434 -305 967 -42 561 692 888 617
30 -10 10 120
-878 573 -257 616 98 -296 892 -679 -293 -98 -162 633 -296 454 65 29 451 -81 -985 385
-966 -957 -85 -548 -252 603 274 -527 668 -788 355 935 466 951 104 63 784 476 99 -215
-50 -778 -274 -361 31 -468 52 -692 118 -33 -750 -409 961 -214 -650 -725 -166 647 -290 -627
10 30 -30 20
98 899 928 -648 -795 375 -447 -591 869 814 -743 -749 -49 -782 -157 360 -375 474 -362 -260
10 -30 30 20
611 536 -535 956 -364 502 588 -307 -96 -426 -76 -380 -710 -655 89 534 -829 -818 937 918
20 0 0 45
747 -520 -983 280 -762 -9 426 -849 -686 594 -833 363 -544 -825 910 -519 -911 -40 471 506
139 964 -873 -792 -988 -125 279 -885 -96 -104 -243 750 443 134 -986 -301 -711 -388 -49 -341
20 50 20 15
-572 -531 897 950 -127 -452 532 -275 -534 -239 938 -533 436 -8 -113 322 517 278 -279 683
185 443 -654 -846 999 -502 591 -432 356 969 -172 455 -719 596 -313 588 -590 928 -473 -243
5 0 0 15
-628 715 560 -767 389 -594 458 -685 -788 -556
10 20 20 10
-1 -2 -1 -3 -1 -4 -1 -5 -1 -6 -1 -7 -1 -8 -1 -9 -1 -10 -1 -11
10 0 0 10
896 -197 -422 -11 -934 635 739 -233 -22 835 -795 -690 785 877 506 -948 915 779 -723 -719
10 0 0 20
-213 -214 -292 -442 341 -911 -684 453 -275 419 183 559 323 494 871 336 1 -43 633 618
10 0 0 30
824 654 941 -539 759 712 365 -300 294 -361 722 -186 262 888 567 910 802 -667 -20 -343
10 0 0 40
932 938 32 974 519 -695 163 -150 399 720 611 -12 -584 163 -129 -806 -108 -800 493 -168
10 0 0 50
981 897 42 -595 935 -441 869 -177 -2 422 -652 166 -428 -678 40 -893 701 453 -322 -783
10 0 0 60
-999 -452 693 -442 367 -39 -624 854 -103 -72 -46 797 -462 579 273 -675 -144 841 -296 -180
10 0 0 75
794 289 978 559 -577 232 925 -616 -833 838 -753 -63 36 6 411 -875 -33 -18 -504 -776
10 0 0 80
268 946 490 -622 405 56 532 64 -3 -725 222 -853 -556 -490 945 411 -338 849 892 634
10 10 10 80
194 -229 285 -88 -208 -312 348 -897 139 -199 -359 268 100 731 -674 -951 620 -507 -509 -718
10 20 0 100
-921 638 -450 407 -44 276 718 221 -336 -292 -704 -843 -374 820 503 902 -749 -926 726 529
0 0 0 0
