1 
18.691 6.103 21.668 13.709 21.332 25.894 
59.388 30.873 55.299 36.186 61.45 22.97 
67.828 85.496 60.751 72.752 59.2 67.49 
3 
18.73 4.012 6.662 7.557 14.035 7.478 
14.869 32.398 32.341 31.772 7.522 29.674 
25.272 6.868 4.572 2.014 10.487 16.121 
26.135 53.073 44.18 50.723 40.31 42.91 
86.601 29.95 70.542 17.088 66.77 14.88 
90.344 89.528 92.179 88.665 87.99 82.54 
39.327 62.11 35.033 57.127 18.14 63.89 
37.13 80.202 36.308 75.111 34.28 75.11 
14.043 68.482 15.22 55.423 10.42 75.43 
1
15.11 5.067 29.297 4.174 27.449 22.31
15.11 5.067 27.929 17.595 27.449 22.31
29.297 4.174 27.929 17.595 15.11 5.067
10
15.322 15.585 10.82 28.193 9.768 15.404
25.804 31.266 39.472 11.965 38.441 9.494
43.977 9.435 56.756 5.388 44.65 9.648
66.517 16.419 61.728 15.088 85.71 30.029
89.529 24.507 86.763 25.171 107.962 22.213
14.651 47.396 8.807 43.454 0.094 58.414
26.199 57.811 33.549 53.347 22.632 40.909
44.459 55.314 40.501 48.906 45.482 54.579
77.659 43.504 67.418 51.951 75.399 61.323
103.961 51.298 104.26 56.439 91.234 59.551
107.962 22.213 88.893 24.66 86.763 25.171
44.65 9.648 44.313 9.542 56.756 5.388
44.459 55.314 40.897 49.547 45.482 54.579
104.26 56.439 99.18 57.653 103.961 51.298
25.804 31.266 36.192 16.597 38.441 9.494
75.399 61.323 77.004 48.672 67.418 51.951
14.651 47.396 11.963 45.583 0.094 58.414
61.728 15.088 80.914 27.041 66.517 16.419
67.418 51.951 77.004 48.672 77.659 43.504
45.482 54.579 40.897 49.547 40.501 48.906
33.549 53.347 30.82 50.238 26.199 57.811
38.441 9.494 36.192 16.597 39.472 11.965
10.82 28.193 12.767 15.502 15.322 15.585
26.199 57.811 30.82 50.238 22.632 40.909
103.961 51.298 99.18 57.653 91.234 59.551
0.094 58.414 11.963 45.583 8.807 43.454
66.517 16.419 80.914 27.041 85.71 30.029
9.768 15.404 12.767 15.502 10.82 28.193
89.529 24.507 88.893 24.66 107.962 22.213
56.756 5.388 44.313 9.542 43.977 9.435
1
15.616 32.67 12.964 31.204 20.576 8.361
18.052 46.397 11.076 69.592 10.44 69.24
59.62 42.389 57.604 41.275 64.58 18.08
10
15.652 19.83 12.862 0.988 2.964 18.787
45.58 30.523 36.305 13.602 23.833 13.943
57.887 9.446 76.048 19.831 72.399 2.82
106.871 0.347 87.106 5.798 81.404 17.608
3.16 58.855 22.297 49.57 14.733 48.243
46.132 51.544 30.115 51.668 44.657 54.978
68.703 62.614 68.759 46.831 68.655 46.432
97.839 33.754 78.448 45.862 81.663 49.728
22.138 93.434 28.439 69.386 23.246 70.997
41.276 73.787 51.35 84.776 31.097 91.553
9.782 93.069 20.629 81.676 19.68 75.27
69.768 32.792 69.799 24.111 69.72 16.61
61.419 76.778 63.991 79.871 80.81 64.67
70.388 32.513 68.547 20.077 57.7 31.47
56.631 36.055 54.624 26.699 38.47 25.67
18.395 -0.461 11.66 -0.277 27.67 16.46
58.567 45.405 47.184 47.58 39.43 54.69
28.038 24.156 44.192 25.185 42.55 17.53
31.507 15.701 34.999 20.583 36.7 14.09
29.804 73.439 17.247 77.641 19.73 62.45
51.776 16.116 34.957 31.317 35.6 32.09
54.126 78.273 50.307 81.775 61.69 79.6
50.585 80.731 49.102 83.802 70.35 75.28
63.706 35.411 63.785 42.912 63.81 35.81
97.107 32.04 81.097 15.303 75.36 15.46
61.432 35.147 66.032 17.592 62.54 12.71
87.097 14.019 65.849 22.541 61.63 31.28
42.295 72.876 30.763 72.965 40.82 76.31
90.642 89.27 80.585 85.925 76.1 85.96
23.979 47.494 21.496 62.685 13.8 65.26
1
15.864 30.349 27.153 25.007 18.051 11.881
6.174 69.516 4.975 77.574 18.06 73.35
50.895 33.396 52.644 19.758 46.13 15.42
5
1.443 13.45 11.548 28.038 16.411 5.714
37.248 20.344 22.591 25.157 45.54 18.904
69.519 7.677 52.438 13.734 74.119 17.967
26.988 40.777 17.484 48.284 14.236 33.141
30.76 43.038 37.465 57.767 46.477 53.315
40.684 99.474 50.834 86.201 38.41 76.74
4.671 73.168 7.04 72.957 16.2 83.51
30.659 67.132 41.069 76.453 28.87 79.11
75.318 56.768 88.267 49.958 89.09 48.27
30.882 64.624 35.944 70.228 52.81 61.95
58.81 15.271 41.08 13.295 43.41 14.35
27.73 79.923 29.573 80.991 37.98 66.55
73.341 30.605 64.998 45.304 78.35 39.32
89.769 84.903 90.64 66.135 87.02 66.99
44.043 25.729 43.136 28.12 42.85 34.06
6					
1.505 21.062 23.287 26.489 15.78 14.785
37.725 30.262 48.275 6.648 49.605 19.741
68.239 27.145 52.17 15.478 63.438 7.598
98.242 32.724 74.241 18.471 73.844 6.309
18.084 61.233 21.123 47.811 11.747 52.101
53.761 43.161 38.361 49.912 44.97 60.126
58.169 81.021 43.367 95.479 43.25 86.43
102.161 115.592 85.831 91.442 89.2 82.05
19.809 25.625 30.198 36.396 28.27 43.59
93.781 -3.555 84.233 0.631 84.99 13.41
81.777 20.397 81.304 29.655 82.96 30.64
88.025 25.303 75.441 27.656 78.72 33.14
90.691 19.02 95.236 30.858 80.5 28.25
79.231 39.836 80.03 25.492 70.39 26.99
48.001 24.427 38.831 21.096 34.55 27.95
57.036 29.251 48.394 26.566 46.1 21.93
10.995 66.753 9.998 64.802 38.78 69.43
64.807 82.066 73.199 73.72 64.35 70.96
7
1.568 28.674 2.258 24.94 15.149 23.857
23.188 7.412 26.177 20.906 38.657 20.578
51.946 13.846 69.657 17.222 70.512 29.997
102.531 20.94 96.801 17.697 99.255 8.514
0.629 39.247 0.001 63.21 5.005 43.474
29.125 48.816 24.789 44.328 38.043 32.236
41.532 37.436 70.48 41.101 65.753 55.077
11.756 13.834 20.081 18.126 21.37 22.49
14.442 51.308 -0.127 36.845 17.38 36.85
55.641 57.116 56.411 68.614 37.93 53.74
26.436 39.305 33.547 39.565 24.3 25.65
20.456 61.635 26.037 68.257 26.82 78.41
49.229 64.031 54.551 64.623 55.32 66.53
5.504 25.283 16.603 28.893 25.99 47.15
74.779 80.15 76.339 84.425 71.72 82.4
105.117 94.283 89.096 79.162 86.1 79.69
62.638 68.566 75.055 79.744 80.3 78.6
28.674 11.538 36.996 17.407 26.83 17.5
29.032 9.332 26.261 10.588 45.54 21.25
44.11 29.62 34.373 34.279 34.63 28.93
82.386 1.176 71.239 22.117 70 22.44
12
1.754 18.741 4.708 20.293 13.255 18.305
34.863 4.397 15.172 30.914 28.333 23.088
64.884 6.714 52.864 22.453 55.247 31.659
70.182 18.359 86.497 15.375 97.504 15.13
112.302 16.008 100.677 21.055 116.052 27.546
30.334 42.857 26.421 37.419 26.845 56.71
52.696 65.263 61.631 33.015 43.54 38.862
70.636 46.806 85.779 38.86 91.024 59.482
106.056 47.371 111.517 57.586 100.825 58.25
15.703 71.129 30.733 79.696 9.087 96.151
49.251 94.873 44.182 78.453 35.648 80.096
57.782 69.751 74.413 68.994 75.363 90.622
20.787 58.174 27.821 81.159 23.09 68.94
66.053 38.242 77.026 60.713 55.67 52.08
4.726 76.345 13.198 87.73 13.35 77.42
42.279 2.447 44.57 4.136 49.61 28.63
65.041 68.242 66.127 68.625 73.72 69.54
57.989 26.82 43.076 31.355 53.12 10.9
63.975 83.621 75.224 85.366 68.44 72.34
78.026 7.012 73.495 0.85 77.67 10.33
31.928 76.002 30.317 69.32 19.28 60.4
20.468 46.517 19.478 45.3 24.42 36.56
48.057 50.101 56.059 75.629 59.34 66.37
28.933 65.077 29.178 61.602 32.6 37.81
23.877 92.015 25.091 90.422 21.88 79.5
17.247 36.209 27.291 15.754 33.09 13.99
39.388 68.78 31.291 74.342 29.29 80.29
2.532 102.203 4.443 106.243 11.39 84.49
65.998 38.43 81.575 41.952 84.42 33.73
78.835 70.275 82.14 67.031 80.12 63.7
86.487 2.828 82.321 25.28 85.03 29.53
41.149 41.702 39.126 66.382 55.09 65.92
52.031 3.789 48.136 3.709 51.2 18.05
9.908 -2.795 26.413 0.392 10.65 14.29
37.128 62.624 42.608 54.212 48.71 62.76
45.46 12.899 60.32 27.758 59.75 32.19
13
1.848 2.765 31.249 30.001 17.466 1.108
44.814 17.81 53.25 16.46 42.037 24.366
69.938 27.806 59.464 0.969 64.924 8.935
95.559 12.446 94.92 5.57 79.236 21.945
107.859 9.033 126.856 7.33 108.991 28.889
19.058 31.572 4.437 60.719 16.729 49.412
35.501 34.376 52.074 63.765 40.981 36.733
85.438 45.659 65.652 34.27 68.119 34.583
110.203 44.885 101.272 37.658 96.531 57.83
20.596 71.954 24.483 87.066 18.93 82.837
53.744 66.35 31.601 65.639 32.436 85.366
77.421 76.807 82.009 71.434 73.756 68.6
102.192 71.475 115.434 66.666 84.028 88.877
68.304 22.679 51.476 36.529 49.67 26.75
20.116 109.539 33.439 104.578 13.95 88.26
15.906 33.303 22.682 35.117 48.35 30.03
87.457 43.604 89.613 40.629 69.99 20.18
13.264 51.668 13.334 46.73 17.13 44.05
35.207 25.382 37.427 23.405 36.79 32.18
18.799 92.145 32.313 90.573 22.69 86.44
22.942 52.71 25.269 69.382 24.61 81.47
95.051 13.618 72.897 18.375 65.35 25.56
34.22 63.344 38.115 59.606 35.14 57.45
106.541 37.145 93.124 25.923 89.24 22.25
65.29 3.651 64.989 14.119 69.28 22.11
46.344 75.547 38.334 69.655 41.12 48.04
7.808 29.617 6.835 31.967 13.83 36.29
12.14 76.825 1.688 87.878 12.91 74.46
80.665 109.74 90.593 93.9 84.13 89.31
59.787 99.421 58.002 106.623 58.84 89.81
76.235 71.344 68.023 70.926 68.52 75.42
42.222 56.669 64.416 70.532 59.31 62.3
42.198 95.409 58.734 87.425 78.93 83.99
94.814 11.473 86.42 14.112 79.24 10.5
39.205 18.894 35.653 19.156 38.1 37.69
74.265 31.186 61.526 15.143 67.06 19.08
49.321 44.62 21.673 33.89 35.41 51.91
16.036 32.24 20.268 30.319 18.5 38.92
34.573 34.973 50.659 54.654 56.11 53.73
14
1.953 19.034 13.078 13.595 19.852 28.459
34.712 22.442 45.936 16.33 25.907 25.775
50.172 0.232 74.171 31.5 63.818 8.718
92.839 11.572 104.002 9.44 105.192 17.036
126.036 2.466 130.234 10.264 110.719 25.851
16.784 54.087 24.246 33.261 27.035 41.298
43.726 47.69 42.74 59.217 55.188 55.79
56.674 52.243 81.962 50.612 66.674 40.945
112.948 47.729 114.124 48.376 89.961 52.787
12.437 73.359 7.416 66.315 6.063 76.55
23.044 67.01 31.777 84.763 24.871 87.155
57.478 89.606 38.607 64.452 52.968 75.303
75.837 75.429 87.536 75.941 58.573 72.478
101.565 77.909 91.869 62.539 115.992 63.453
38.715 -12.899 33.402 5.165 30.94 10.4
33.504 62.589 20.54 71.567 15.6 75.62
36.157 95.642 35.54 81.354 31.63 78.13
92.856 45.225 90.66 54.11 87.08 50.3
24.194 64.83 31.597 61.093 28.96 70.37
65.713 7.096 70.133 7.286 82.33 21.7
83.937 16.794 86.096 26.195 79.35 36.04
83.855 74.989 62.063 84.006 68.88 75.8
23.517 38.803 16.588 41.105 16.89 46.72
80.61 44.955 67.311 44.179 55.49 32.69
90.336 19.521 85.986 19.578 82.28 29.61
79.783 49.772 77.152 39.434 78.99 31.79
21.742 56.825 17.965 61.979 28.29 50.06
49.656 63.057 50.044 71.54 40.88 61.87
66.332 62.797 69.059 64.111 70.38 56.93
39.55 47.016 33.255 27.746 26.12 40.14
63.939 75.113 82.525 78.445 79.27 80.91
74.497 92.209 64.78 68.135 69.31 81.71
71.568 69.034 71.962 84.007 77.62 83.92
33.697 18.264 23.042 19.182 27.28 27.89
50.21 79.984 47.408 75.068 26.31 87.4
40.648 -1.528 55.789 8.741 49.36 14.42
63.786 39.309 57.697 40.079 51.8 33.08
37.334 41.536 32.271 37.971 36.97 21.31
48.941 82.199 50.379 76.595 49.92 81.28
40.651 36.691 31.034 51.084 27.32 46.13
19.058 -7.524 25.726 2.266 13.64 16
4.223 72.725 11.987 84.747 13.89 87.33
20
32.17 13.136 20.328 28.979 25.098 9.107
41.038 14.883 40.526 1.075 55.436 24.143
70.714 20.911 85.864 23.635 67.217 3.77
116.532 21.652 113.081 10.219 88.481 10.892
135.717 16.31 145.742 20.578 149.107 30.363
32.342 60.225 23.085 32.288 7.939 58.718
49.126 43.897 43.548 53.089 52.841 35.724
58.203 62.185 75 64.027 70.117 63.463
81.146 48.57 104.943 45.488 88.886 56.708
108.626 49.744 111.067 32.524 126.019 34.849
154.643 57.495 142.995 35.229 144.786 50.056
11.152 87.793 14.918 89.755 14.978 65.618
29.726 71.382 40.169 84.372 42.741 83.901
47.782 67.833 64.944 75.974 60.46 88.519
67.616 71.82 88.868 82.333 67.892 68.807
102.841 81.926 117.836 81.532 115.966 97.359
129.172 91.761 145.034 66.966 123.808 73.188
11.89 121.688 12.126 113.072 1.439 107.825
25.919 108.212 21.409 126.696 31.892 113.787
41.066 110.776 47.361 126.5 46.537 129.233
34.56 19.503 46.795 17.674 33.35 16.73
49.792 73.244 44.025 86.025 42.85 88.65
73.263 98.334 75.118 85.704 73.46 86.43
91.142 30.403 89.006 28.542 82.75 12.9
79.486 65.744 67.479 67.821 76.81 64.75
94.824 0.006 91.381 -7.324 85.98 12.04
82.549 86.769 75.775 84.597 64.84 79.22
29.061 103.476 30.316 91.388 37.47 84.85
63.914 72.491 69.041 73.827 79.92 61.65
52.627 76.27 27.206 79.026 24.11 86.98
4.51 83.962 18.703 74.886 14.64 81.85
64.395 39.881 72.476 43.867 78.56 59.25
73.878 48.552 94.533 44.854 87.38 51.49
46.291 69.926 56.527 72.607 65.09 75.8
86.523 69.672 99.749 53.494 74.72 48.26
88.294 25.722 96.186 34.447 82.67 42.18
15.671 -3.48 13.438 7.782 13.72 20.15
79.575 10.024 66.439 14.433 76.59 17.63
77.037 54.831 71.366 61.955 80.13 51.01
73.668 95.906 59.767 89.312 60.99 75.22
91.613 63.213 76.231 69.297 80.91 59.81
39.909 32.245 35.859 18.692 39.46 18.93
50.897 28.455 35.736 23.989 36.87 20.89
69.046 104.985 69.499 100.987 57.45 80.33
69.066 34.889 65.519 38.708 66.64 57.26
29.458 26.118 25.421 22.307 25.45 27.52
-7.26 57.094 14.984 69.015 17.23 59.51
52.732 87.635 48.141 76.873 62.25 69.75
25.917 31.69 30.507 29.645 33.96 22.32
91.397 59 91.032 58.49 84.09 73.98
46.262 50.159 54.121 43.835 52.11 55.82
44.74 71.509 49.574 76.304 62 73.38
53.039 44.255 63.132 31.419 39.44 26.81
19.332 47.968 21.12 55.108 14.41 74.99
13.862 14.92 30.592 17.792 31.87 16.27
47.227 74.953 52.813 77.106 66.2 73.53
68.717 -0.001 53.947 18.806 66.95 15.29
38.791 26.867 40.404 26.835 29.9 28.11
92.309 50.879 86.056 47.058 89.9 35.94
31.032 50.368 24.953 58.012 27.82 61.87
20
32.504 28.13 7.466 25.837 28.608 16.418
63.93 11.213 53.874 29.332 40.684 28.635
76.381 4.701 96.967 22.649 91.403 15.367
117.761 29.104 108.918 16.411 123.768 5.485
125.128 30.194 130.994 29.93 127.049 12.488
142.752 22.122 134.252 2.834 146.161 23.337
28.862 62.955 18.513 56.173 0.444 58.754
55.494 53.646 39.834 45.637 50.039 35.786
73.276 56.786 78.091 62.414 84.093 54.116
102.728 41.926 115.69 31.909 86.682 49.616
127.864 39.108 140.904 44.977 118.022 35.272
23.746 90.817 32.611 68.637 0.303 96.313
43.593 68.74 36.83 88.45 65.618 69.63
72.672 66.817 94.424 90.684 89.187 85.766
117.987 65.064 109.543 77.567 95.839 91.329
126.278 93.42 140.075 87.59 123.997 82.707
17.892 107.326 11.634 117.315 31.737 97.811
50.14 112.334 46.594 106.361 33.358 122.068
68.607 100.327 73.455 123.324 60.452 111.138
87.446 102.776 97.507 105.927 88.82 122.295
46.803 27.126 49.26 25.639 59.08 13.62
112.093 42.985 110.321 44.472 88.4 67.35
34.435 53.989 30.74 47.931 41.87 41.91
-6.894 77.625 -4.831 94.336 14.66 73.01
65.944 73.628 61.432 81.446 44.34 86.49
98.704 3.506 95.749 11.514 89.26 22.35
83.82 9.821 93.051 0.854 76.63 17.56
36.188 63.468 23.574 56.848 25.91 54.65
64.28 26.807 78.776 24.961 85.09 37.73
38.979 18.667 41.154 17.117 37.03 12
23.045 93.327 19.152 100.355 37.46 84.7
72.02 93.349 65.645 76.276 68.28 75.2
72.847 85.677 72.289 82.436 55.04 85.99
-2.115 15.402 13.828 27.272 24.15 37.55
2.184 10.359 23.745 15.579 28.87 16.17
54.574 20.411 32.602 28.535 31.25 29
53.119 75.828 59.48 77.657 60.37 74.32
29.644 70.132 30.394 65.973 46.36 82.38
87.515 17.742 84.076 4.931 87.16 26.9
45.309 69.72 45.981 65.856 44.5 57.96
88.283 102.728 77.235 96.557 82.35 86.17
33.259 67.318 40.416 56.911 34.28 70.79
89.647 84.294 97.659 83.583 82.59 85.64
72.815 93.19 80.451 92.298 79.81 85.71
79.329 17.645 75.647 15.999 64.91 21.7
110.594 30.548 97.672 22.528 83.59 12.84
40.258 74.144 45.745 73.724 55.68 60.13
36.156 29.365 19.064 34.409 26.12 22.18
101.464 84.843 92.675 97.561 87.6 77.98
27.292 44.423 23.941 37.495 40.58 30.06
-3.325 60.393 -8.178 60.251 11.57 57.99
82.918 29.588 82.599 61.272 84.43 45.9
68.434 74.37 66.43 70.744 71.78 56.24
97.804 59.014 85.938 72.028 87.79 73.83
34.801 71.621 30.71 87.34 57.37 63.23
63.287 92.957 62.407 108.452 72.43 84.62
62.354 63.262 54.894 41.619 60.1 34.3
94.522 67.568 61.716 82.26 57.6 88.7
30.751 71.892 33.842 77.692 50.08 70.23
90.176 17.998 78.67 14.073 82.85 26.14
20
32.686 7.448 24.82 29.894 16.4 6.939
41.801 11.126 61.201 12.721 65.351 31.102
72.395 13.791 95.965 10.542 87.303 31.371
120.975 2.998 124.592 31.376 111.628 5.086
157.287 26.894 145.449 2.296 130.423 7.171
14.971 58.507 28.732 33.688 24.012 47.082
42.644 43.853 42.526 38.581 49.269 57.895
52.882 63.725 66.949 40.027 70.66 37.285
99.327 43.939 80.871 63.344 93.844 52.04
103.683 45.334 125.634 45.696 103.974 64.139
146.124 41.211 147.661 54.817 144.001 39.353
19.095 81.399 11.485 81.945 26.942 68.033
42.924 68.419 49.845 89.248 58.33 82.843
76.769 77.669 88.833 65.194 80.613 84.743
100.736 68.911 93.977 83.791 111.252 69.486
115.138 90.58 123.781 74.698 119.177 82.218
125.619 91.03 138.699 96.343 155.149 74.281
1.797 121.938 17.378 106.492 6.598 101.58
23.634 111.381 38.76 107.299 25.07 128.921
69.53 100.272 70.736 108.728 47.454 122.944
73.176 25.014 63.599 42.8 73.01 58.34
40.838 63.391 40.224 61.904 61.54 45.2
3.462 1.316 12.518 22.066 11.07 23.86
29.352 40.856 26.202 41.422 14.31 37.01
85.755 16.782 83.712 32.555 67.96 22.87
56.809 36.594 64.911 33.783 55.18 24.86
10.898 93.857 19.435 82.264 20.48 81.18
39.133 13.023 36.239 15.842 48.61 32.82
55.335 92.209 63.625 75.379 65.74 78.32
6.505 66.338 19.485 79.05 21.19 72.16
72.013 -4.019 62.869 2.118 51.27 12.92
33.712 69.563 37.234 80.739 65.44 81.64
87.398 9.289 81.209 13.994 82.42 11.03
56.666 28.11 60.895 40.617 73.06 42.69
74.93 43.864 63.435 42.792 60.5 33.79
39.733 28.706 38.683 49.424 19.16 37.96
64.43 4.127 65.601 6.237 51.82 10.66
38.602 68.939 46.638 67.856 52.89 51.65
22.287 24.17 4.087 30.03 22.15 15.63
41.848 -1.71 63.007 16.964 63.91 14.74
30.474 80.786 44.142 78.23 45.04 80.47
56.736 97.531 40.69 94.088 55.2 81.31
82.392 37.624 79.516 25.535 77.82 20.13
52.287 5.835 73.905 7.057 70.03 12.18
55.299 31.833 70.446 23.331 68.39 22.05
49.981 34.723 45.686 35.804 33.09 21.9
1.04 77.092 12.609 75.961 21.38 81.42
31.563 72.032 20.257 65.531 18.76 43.93
62.416 38.984 56.677 26.825 70.66 34.11
59.852 19.454 40.832 10.535 38.91 16.84
9.731 42.946 10.955 34.49 20.21 17.76
56.556 84.608 44.815 95.657 40.89 84.8
47.54 61.555 58.342 73.153 54.89 68.01
41.811 24.825 57.405 22.5 70.7 29.79
8.669 44.333 11.617 48.095 10.13 48.71
99.061 72.689 86.283 58.179 87.83 50.97
66.485 26.157 68.926 14.218 67.93 28.58
103.408 12.584 100.466 22.096 84.68 24.04
59.268 27.07 69.122 30.176 65.48 31.5
73.491 46.878 70.876 44.372 79.22 53.58
5
10 20 15 65 25 5
85 65 75 80 45 50
100 75 115 65 115 30
75 100 60 110 100 120
105 95 105 110 125 110
92.415 48.7 78.469 54.222 82.15 63.52
44.01 41.273 37.752 58.18 43.63 66.27
57.547 15.371 20.522 41.431 49.22 31.36
27.159 105.865 37.145 93.606 30.65 74.04
65.777 96.193 68.756 78.413 51.42 89.57
46.235 124.574 59.863 112.773 56.73 87.97
83.362 32.26 74.047 16.825 80.7 14.43
39.825 61.019 54.645 71.284 48.25 41.55
23.14 71.63 38.14 61.63 63.14 86.63
10.801 -26.816 30.3 5.892 38.39 11.77
8
10 20 15 65 25 5
75 10 90 15 90 41
20 70 5 85 50 85
85 65 75 80 45 50
100 75 115 65 115 30
20 95 45 110 10 110
75 100 60 110 100 120
105 95 105 110 125 110
83.583 112.275 73.318 97.456 81.048 77.930
92.415 48.7 78.469 54.222 82.15 63.52
44.01 41.273 37.752 58.18 43.63 66.27
57.547 15.371 20.522 41.431 49.22 31.36
27.159 105.865 37.145 93.606 30.65 74.04
40.457 31.718 56.056 22.679 54.8 42.64
38.762 41.877 22.627 49.918 20.12 69.76
65.777 96.193 68.756 78.413 51.42 89.57
46.235 124.574 59.863 112.773 56.73 87.97
83.362 32.26 74.047 16.825 80.7 14.43
36.965 28.144 36.845 43.955 32.09 45.5
78.208 34.09 94.442 58.307 80.87 51.92
39.825 61.019 54.645 71.284 48.25 41.55
47.614 102.102 68.733 100.106 49.47 84.17
23.14 71.63 38.14 61.63 63.14 86.63
10.801 -26.816 30.3 5.892 38.39 11.77
3
0 0 6 4 12 0
0 0 8 8 4 0
4 0 3 6 12 0
0 0 6 4 3 0
3 0 6 4 12 0
0 0 6 4 4 0
4 0 6 4 12 0
0 0 8 8 6 4
4 0 3 6 6 4
3
0 0 6 4 12 0
0 0 8 8 4 0
4 0 3 6 12 0
0 0 6 4 5 0
5 0 6 4 12 0
0 0 6 4 4 0
4 0 6 4 12 0
0 0 8 8 6 4
4 0 3 6 6 4
3
0 0 6 4 12 0
0 0 8 8 4 0
4 0 3 6 12 0
0 0 6 4 4 0
4 0 6 4 12 0
0 0 8 8 6 4
4 0 3 6 6 4
0 0 6 4 3 0
3 0 6 4 12 0
5
0 0 10 10 22 0
0 0 10 10 15 0
0 0 15 10 27 0
0 0 6 10 11 0
0 0 15 10 22 0
0 0 10 10 5 0
5 0 10 10 22 0
0 0 10 10 10 0
10 0 10 10 22 0
5 0 10 10 15 0
10 0 10 10 15 0
0 0 15 10 10 0
0 0 15 10 15 0
0 0 6 10 6 0
15 0 15 10 22 0
20
36 20 -7.842 11.583 25.306 41.485
10 22 -17.631 -21.179 -5.646 25.342
24 1 25.971 37.662 58.072 17.824
26 41 -9.58 75.627 15.079 74.252
17 43 2.698 -4.911 4 43.081
25 24 4.479 76.989 26.629 36.897
28 39 1.167 93.157 33.453 63.397
25 20 25.495 48.648 38.597 43.325
22 8 49.525 66.269 61.622 24.704
48 23 62.201 87.399 70.901 35.31
45 9 71.342 30.518 67.222 14.929
30 22 -2.293 69.938 38.305 39.088
27 46 -20.453 67.004 -0.576 77.678
30 24 30.995 84.868 65.255 55.081
28 41 -5.045 64.409 15.384 72.572
38 19 11.522 30.996 20.986 39.965
21 47 17.292 97.022 31.225 76.264
3 22 -44.809 45.585 5.028 59.945
32 46 15.282 43.082 14.818 58.075
42 44 19.557 21.254 26.528 51.044
25 42 30.932 70.457 25.62 42.784
31 22 -31.392 5.869 25.671 24.757
36.112 38.994 -4.025 59.729 37.183 40.683
44 31 -4.562 14.577 35.776 41.068
17 11 -17.542 -10.138 -9.991 11.678
36.103 7.619 29.651 30.321 43.464 27.286
31.479 26.59 14.111 51.776 39.83 35.208
11.986 33.913 -6.032 56.191 9.116 50.669
26.282 15.522 46.378 65.363 41.005 21.784
32.451 9.982 -7.262 55.102 35.239 46.877
21 32 50.255 74.861 51.986 50.325
20 15 -5.887 -11.034 7.471 18.469
42 27 -12.332 10.358 32.195 28.966
13.435 33.769 -17.06 44.677 18.12 58.326
5 39 8.845 88.499 20.915 64.43
37.65 36.848 -1.128 18.241 33.123 46.873
0 3 -42.559 16.478 0.449 15.992
4 18 9.423 51.579 7.309 23.004
34 37 -19.282 14.595 24.426 44.235
10 21 32.106 39.229 15.904 22.068
33 43 -15.508 -1.675 9.161 45.783
47.718 13.695 56.624 40.429 66.389 31.789
34 7 7.458 -39.233 27.047 7.811
51.43 29.496 48.396 52.382 57.764 32.476
7.858 27.397 11.791 78.206 38.234 33.588
40.399 27.98 33.75 75.779 41.719 30.674
28 22 -17.263 0.758 21.386 29.501
16.523 33.192 -7.067 17.589 11.624 34.191
38.728 24.874 26.853 26.603 40.024 33.781
46 23 18.438 39.167 46.89 27.92
14.166 19.574 -29.575 49.165 16.013 26.326
19.995 6.326 23.788 54.437 22.994 6.402
27.186 71.126 8.209 90.228 28.384 75.98
-23.928 21.26 -36.288 -0.005 -29.917 21.637
28 20 11.029 19.946 19.488 28.458
19.298 27.151 -30.946 8.81 17.99 28.664
16 37 -31.237 -0.703 7 37.056
4 29 -45.555 36.761 -17.952 42.931
19.52 21.06 8.638 67.981 22.376 21.978
4 16 -10.916 75.021 28.824 53.533
20
33 34 -13.921 53.809 20.38 67.715
49 27 3.027 -5.961 14.465 32.692
25 32 -2.744 57.985 36.97 72.257
37 49 40.773 111.687 45.473 58.858
19 28 26.623 71.987 59.792 32.114
26 37 -17.422 43.04 13.338 53.753
24 37 3.126 57.719 18.842 66.553
10 42 -10.091 24.074 -15.066 54.476
45 1 29.654 -11.589 28.244 3.87
48 40 91.021 85.936 89.959 41.846
12 23 -27.298 3.362 -15.787 34.306
12 22 -10.211 57.505 20.761 41.084
22 0 9.948 30.393 22.848 26.986
46 37 29.813 88.419 68.811 73.45
30 8 -22.004 21.25 6.554 28.28
37 34 20.343 72.775 30.37 73.446
42 8 27.988 55.304 73.429 29.359
48 21 28.86 68.314 50.617 32.711
46 18 33.485 53.176 75.893 43.047
10 17 -2.456 35.078 6.39 62.858
37 31 17.899 25.6 31.985 34.294
1.874 46.992 -34.353 54.51 -2.887 84.692
42 18 12.999 48.659 36.549 27.554
16 17 -37.22 50.34 15.293 18.87
41 47 23.699 70.784 40.685 71.998
46.183 43.696 39.682 68.409 51.369 61.974
37 31 14.125 16.795 21.699 42.264
13.919 47.718 -25.729 58.715 10.476 66.404
44.74 30.318 60.977 76.808 64.188 47.573
17 37 40 72 36 37
58.414 31.376 53.782 47.763 63.297 32.452
16.771 39.326 -18.3 34.858 12.656 44.989
41.05 22.314 4.081 -0.185 13.527 31.449
9 40 -17.713 66.083 9.405 40.913
15.965 31.26 47.981 69.951 26.584 34.13
27 27 3.161 63.792 29.925 40.691
27 14 52.28 71.635 49.258 22.975
37 33 35.618 54.91 48.584 56.276
19 25 -28.236 44.33 18.453 25.837
24.89 45.142 28.905 61.201 35.688 47.237
16.615 38.895 -22.07 9.225 0.577 47.067
35.506 23.461 13.344 8.803 33.378 32.205
39 47 45.513 79.04 43.579 53.559
30.039 19.793 18.27 25.404 46.993 30.403
44 21 -3.647 46.213 43.781 21.975
27 0 -1.41 -40.333 11.737 4.8
37.096 42.501 -7.456 32.551 25.854 55.253
-14.737 20.148 -24.482 -13.704 -16.709 20.48
40 36 -2.196 -1.675 22.028 37.017
3 7 30.581 49.816 19.708 10.133
3 47 -44.861 71.275 0.023 51.017
29 39 -0.772 62.635 31.882 52.7
38.047 45.707 -8.282 53.677 42.237 67.304
15 38 14.667 82.641 25.572 41.035
30.16 43.878 7.982 66.419 17.402 69.921
32.911 24.072 2.072 9.444 18.733 48.218
20.557 14.95 -27.119 53.355 18.124 25.677
20 20 30.723 62.602 20.889 20.456
1.49 10.86 -51.106 19.255 -19.888 47.011
24.996 14.276 24.915 57.287 54.987 15.03
20
13 38 0.858 92.125 32.231 58.35
4 26 -10.08 53.179 10.094 57.414
35 2 37.758 58.235 57.379 15.235
10 15 -21.634 42.717 14.336 25.108
31 49 -12.179 63.713 -4.466 84.244
44 18 17.329 60.481 51.905 29.554
46 2 12.759 6.367 16.96 15.442
12 5 15.506 28.952 30.17 22.17
25 24 -18.452 7.94 7.656 49.694
41 22 30.014 37.758 43.439 58.919
1 35 -22.948 79.401 -7.81 68.872
42 42 -4.096 10.061 25.07 43.546
14 29 -35.958 37.006 -7.28 40.096
35 39 22.979 66.577 51.97 55.97
38 22 65.341 72.531 78.941 24.188
47 17 30.015 3.979 16.107 25.346
12 15 19.398 29.5 46.694 24.608
3 30 -24.756 31.607 -22.975 67.964
43 5 33.662 42.918 55.449 21.911
24 46 9.283 75.264 47.342 83.297
7 49 -31.49 7.908 -15.669 52.883
33.45 45.024 18.379 69.146 46.801 57.096
28 5 68.394 35.22 30.76 6.174
30.569 42.821 44.205 90.561 43.676 61.721
59.19 39.74 49.836 69.948 64.066 43.236
15 28 22.623 54.737 33.572 35.42
12.929 43.127 11.884 83.313 14.913 43.378
48.45 50.908 55.218 77.93 63.4 72.18
45 41 6.793 67.196 53.129 62.515
0.14 23.656 -4.352 1.912 -24.377 32.309
16 24 -32.099 38.228 14.777 33.925
2 5 -30.573 8.46 -5.238 20.382
27.113 37.06 -7.706 -5.525 -8.067 44.692
41 16 25.473 20.892 37.616 23.249
38.676 17.897 -4.541 37.701 13.892 38.139
-8.566 45.823 -5.125 29.205 -16.924 51.313
4 35 -51.46 33.912 -0.025 40.727
12 32 -25.726 42.084 5.698 45.612
81.663 58.74 63.731 69.438 83.875 60.766
42 47 17.98 43.986 31.729 53.205
31 15 -0.066 48.404 17.321 59.965
25.164 41.897 -20.765 34.186 25.917 49.862
16.659 3.837 19.913 20.067 29.29 6.912
33.099 45.667 20.907 27.993 15.227 47.811
31 35 -25.594 25.099 27.693 38.75
46 0 76.226 14.504 51.937 0.864
43 4 14.089 12.316 42.435 9.973
31 16 2.837 4.006 17.496 19.694
-5.716 19.597 -20.97 -25.571 -8.679 20.067
43.543 17.693 -3.503 16.087 42.56 21.571
55.685 47.554 44.889 73.389 80.597 57.965
11.847 17.83 -33.859 44.808 8.103 30.279
41 22 26.259 61.391 48.041 27.605
-2.396 27.73 -16.056 17.175 -18.668 42.536
35 2 3.811 41.84 34.664 2.941
27.104 1.203 -4.447 -39.985 6.416 4.814
14 43 -6.117 50.3 10.999 52.539
23.383 27.448 16.855 16.942 -3.272 36.016
31 44 41.184 99.147 34.082 46.549
11 41 -6.038 32.13 -15.489 46.225
20
4 34 -3.834 70.532 5.67 61.95
20 38 -9.231 54.599 22.501 58.85
39 31 12.116 15.085 8.397 35.945
3 40 24.59 95.98 17.41 49.018
36 27 -5.568 23.385 16.587 42.753
13 47 0.905 101.577 50.271 77.246
35 9 32.28 46.237 44.206 40.689
20 34 -22.52 13.287 -5.4 64.9
14 26 -36.205 36.364 -26.608 51.592
25 24 58.803 50.5 35.704 26.534
8 28 -30.281 50.793 -1.445 67.897
20 0 -30.92 -0.264 14.241 15.994
20 40 -21.491 30.699 -14.708 65.383
0 45 -50.857 56.77 -7.545 62.437
35 32 -18.844 2.171 -9.625 43.159
2 47 34.865 89.542 37.574 52.519
14 34 39.737 83.513 48.969 51.267
34 5 -18.363 33.178 21.02 41.776
7 19 -30.107 8.368 -29.523 46.964
31 47 6.571 70.669 24.005 64.665
7 5 46.778 44.136 23.822 7.448
19.225 30.991 -10.573 61.322 22.088 68.883
18 48 1.517 77.754 16.776 62.949
-3.604 16.613 -41.79 36.98 -8.268 38.113
25 35 51.344 78.976 47.689 53.06
24.031 42.999 -17.804 69.263 24.119 56.999
23 4 26.121 35.084 27.996 8.902
38.161 63.438 30.976 77.308 39.022 67.344
27 47 -11.312 65.443 17.391 81.694
49 30 23.897 7.642 39.076 34.746
45 39 55.768 99.605 62.593 52.209
23.381 27.85 -4.011 42.398 24.133 33.802
49 29 23.037 57.565 51.322 40.773
18 30 54.351 77.734 30.506 33.548
24.173 39.632 -4.427 23.202 22.263 46.367
52.488 35.377 34.106 78.296 72.923 40.215
44.111 10.907 59.222 30.443 61.906 17.567
14.446 64.884 -35.425 68.594 16.517 86.786
1 18 -18.336 56.354 0.723 25.995
9 17 -50.456 17.961 -6.308 31.375
23.081 25.938 21.625 47.148 25.503 29.122
26 35 -17.684 43.753 24.376 37.522
8.406 39.35 -14.322 26.219 -14.2 47.409
5 7 34.849 51.71 23.529 11.202
46 41 36.316 96.056 66.889 56.479
32.272 32.967 37.862 82.865 35.432 35.419
38 6 9.666 36.63 38.417 24.995
8 20 -6.46 68.825 12.854 23.526
11.998 39.973 -33.998 43.608 4.283 56.235
27.935 41.29 -4.958 41.139 16.418 73.28
25 44 -17.427 64.903 29.202 62.529
-6.158 32.455 -44.422 14.995 -19.72 42.705
-1.819 66.862 -21.582 84.022 -3.667 85.772
24 45 47.69 73.857 36.094 52.05
29 41 -21.666 53.567 27.086 45.619
40.103 23.944 9.461 29.045 41.107 33.893
12.622 13.416 -27.522 -12.687 -8.517 24.779
29.277 18.457 -3.551 32.853 27.506 20.878
26.489 38.979 -20.452 53.859 27.387 49.943
38 17 40.2 54.298 45.774 39.706
20
36 18 18.911 80.072 47.163 39.245
29 27 30.82 65.557 43.183 67.593
9 18 -27.284 48.14 -3.181 39.831
35 17 48.763 52.504 61.467 38.341
34 45 -6.78 16.469 8.72 61.154
7 1 26.983 25.772 54.602 7.165
26 10 -9.368 44.265 19.663 31.067
13 40 -45.326 22.736 -29.699 61.925
22 5 -16.956 -8.835 -5.325 11.108
36 25 13.695 48.843 35.412 35.984
34 11 2.052 -12.566 11.07 12.804
28 43 -30.084 35.244 18.225 53.023
42 2 83.039 41.341 52.966 2.863
10 39 50.963 94.018 48.644 44.252
29 25 18.219 49.673 27.492 72.976
22 35 -23.912 76 20.9 84.987
15 13 -18.337 20.322 0.688 53.548
14 26 43.275 77.758 55.934 35.511
44 49 23.331 61.601 34.962 73.378
14 37 -5.964 65.185 38.231 74.918
28.16 48.002 -24.187 43.343 23.732 56.969
10.76 14.347 -1.162 7.8 -1.907 20.308
12 44 -20.2 56.495 11.952 46.999
5 6 -15.769 -6.435 -5.908 7.412
18 36 15.409 70.033 37.371 50.167
26.348 10.758 -5.221 15.27 19.829 18.341
36 26 4.249 63.641 33.333 39.743
-2.184 64.173 -26.68 47.532 -9.455 81.726
20 39 -22.412 82.602 19.594 81.998
41 3 -15.099 28.335 26.236 46.566
40 46 18.584 69.545 40.728 74.99
3.113 38.51 13.436 75.095 21.796 53.575
7 48 -19.434 53.118 -30.842 72.35
16 6 -33.39 -0.131 8.116 19.922
2.066 27.411 -28.404 13.216 -7.889 28.352
44 3 -15.974 -30.286 16.202 11.265
7 41 -42.004 73.133 6.821 43.994
34 0 1.501 3.134 33.299 0.713
40.883 23.827 41.664 57.344 81.252 35.418
3.411 39.149 15.417 20.285 0.838 40.693
36 6 -20.114 -3.118 29.075 10.007
11.116 50.022 -29.716 59.904 12.176 54.908
39.971 16.017 50.482 42.653 44.963 16.299
22.07 35.405 -9.191 14.436 14.111 36.207
7 1 -36.456 -39.589 -5.956 2.06
17 47 -12.994 83.405 12.275 61.236
42.997 5.175 81.879 50.167 59.992 5.603
33 39 -4.852 43.144 22.506 46.674
25 29 -15.362 37.938 22.153 31.81
5 22 -59.314 19.066 -0.322 26.546
43.167 12.074 33.791 68.155 51.114 19.679
38.216 17.944 26.855 62.619 51.531 22.27
62.851 56.14 42.707 66.826 75.858 69.99
3.58 26.991 -43.27 7.066 0.798 28.113
27.417 36.002 15.627 23.755 12.987 40.096
37.443 12.746 -11.006 30.567 31.544 42.16
-12.495 42.587 -36.961 29.844 -32.679 48.383
2 24 -36.295 28.839 -24.541 35.684
49.212 9.477 36.987 52.969 53.143 10.214
31 7 0.119 -17.947 13.01 7.621
20
12 39 10.756 62.29 50.955 65.295
37 21 12.956 47.493 24.043 67.218
19 19 -30.237 23.08 3.074 32.688
44 33 -1.41 49.789 32.875 67.238
15 40 -13.469 89.733 14.745 66.998
21 26 8.139 38.633 26.621 55.468
12 49 -29.375 70.284 -13.527 86.058
7 13 -38.154 30.148 4.146 38.842
35 48 11.519 37.916 25.314 55.083
38 29 63.848 47.217 65.771 37.352
27 41 -21.095 23.915 -13.542 70.262
15 31 18.04 77.912 28.204 40.034
41 0 21.377 -30.983 -8.68 5.642
42 45 34.841 96.514 55.023 67.503
47 12 0.278 25.933 21.78 34.803
37 35 47.934 47.224 67.469 40.713
32 49 32.27 88.66 70.447 74.255
17 6 -1.486 45.487 19.596 18.738
18 44 -2.827 38.149 3.734 48.635
13 32 -33.956 32.356 -3.929 40.625
2.203 32.304 -33.932 29.624 1.137 33.996
-13.193 37.935 -7.041 19.062 -19.643 40.654
24 20 63.822 48.127 42.727 23.207
7.1 14.437 -13.308 -0.104 -2.792 19.245
24.508 21.875 4.287 21.519 18.21 59.349
35 3 23.085 16.529 40.929 25.222
29.323 41.403 29.092 78.172 32.134 44.249
9 4 -14.792 13.323 8.84 4.987
-16.7 48.012 -23.279 32.242 -23.99 54.858
11 36 52.596 57.787 21.998 36.207
43 3 6.328 3.426 31.503 27.43
-3.664 22.864 -22.944 -15.57 -7.239 24.657
20.993 40.871 -17.684 78.341 15.203 63.13
12.187 49.592 -1.127 41.424 1.302 51.176
36 24 13.863 31.348 34.036 32.783
-31.25 16.205 -41.65 -4.088 -41.036 18.263
8 32 -35.25 26.484 0.154 36.409
12.575 46.552 7.328 93.269 22.028 61.87
21 5 -16.351 18.337 14.207 32.163
31.847 19.944 44.869 63.251 44.185 24.039
20 12 -30.854 -14.415 16.001 12.125
22 30 38.008 75.571 43.799 32.962
5.522 20.993 -16.099 45.458 5.145 35.989
6 34.037 -18.238 -3.81 -23.999 34.226
32 20 -16.92 13.087 29.348 21.403
16 24 22.273 70.59 18.587 25.519
15.225 60.065 -17.686 66.532 21.799 76.822
29 45 13.872 51.337 15.622 68.453
8.412 29.908 -8.431 63.349 9.44 37.842
20.956 72.677 6.135 63.939 22.579 76.333
0 18 -41.416 -7.072 -5.619 20.103
46.309 43.951 40.149 63.827 50.635 57.265
6 49 -16.285 95.993 11.235 72.422
4 13 -39.816 28.656 -19.473 38.96
38.012 67.159 3.901 95.889 43.196 70.181
21 14 -0.749 36.955 13.387 30.31
2 19 -37.054 -13.859 -40.44 30.61
39.151 68.031 8.088 83.685 55.466 84.244
29 8 -6.442 3.116 -6.989 20.195
48 18 51.238 39.389 48.673 18.739
20
12 13 -14.453 43.954 6.268 33.202
8 13 22.575 31.235 42.65 17.931
13 13 29.771 45.306 37.394 24.572
23 39 4.988 19.389 -4.708 43.032
12 46 -52.728 64.307 -10.926 82.378
31 34 53.063 64.367 57.386 39.724
16 45 48.775 89.257 26.952 49.903
6 25 -29.466 -6.608 -10.852 27.236
1 43 28.943 89.304 29.049 56.199
23 43 40.981 78.052 40.904 57.436
13 5 -15.71 45.505 23.08 32.191
10 15 -20.038 53.764 19.323 28.003
1 29 -28.991 61.396 -8.413 45.503
6 4 -7.48 47.442 27.59 30.265
37 16 13.74 -18.293 -9.491 27.937
6 49 24.437 73.332 48.875 65.664
42 16 -3.298 22.786 23.5 34.268
1 24 -52.033 20.464 -20.92 45.92
43 25 16.752 78.245 63.685 59.236
10 0 -24.921 58.21 19.946 39.775
42.82 17.745 1.251 12.747 25.269 29.274
52.989 25.288 64.8 42.185 83.908 27.526
17 26 -49.598 39.138 14.215 30.152
70.42 47.164 49.795 60.566 72.145 48.177
26.475 24.658 49.163 82.617 59.778 38.33
33.989 61.747 18.867 53.789 32.234 75.637
42 22 4.183 37.097 30.974 33.594
49.476 28.831 19.322 65.379 54.952 34.663
17.721 22.025 -13.271 29.267 6.247 39.613
49.926 27.761 68.725 56.875 72.505 32.142
17.995 26.204 59 75.919 53.965 27.674
36 27 64.399 87.979 42.441 29.739
27 44 -15.408 27.551 13.153 53.862
46 42 2.471 65.88 45.319 48.966
20 14 13.792 61.1 22.664 16.983
13 2 -15.399 54.129 24.562 23.031
7 45 -23.188 40.452 -22.447 57.523
24.235 48.573 34.948 79.334 28.455 54.158
-20.208 19.114 -40.682 -27.197 -35.68 23.19
14.11 15.74 -31.036 24.893 8.172 36.923
33.335 24.49 57.168 69.323 39.404 27.978
29.817 13.762 17.747 51.502 56.582 17.315
12 40 -27.394 39.737 -4.497 47.2
45 36 -3.43 60.072 32.047 58.543
13 9 4.323 53.974 15.128 13.524
5 24 10.055 61.194 8.041 26.597
27 31 33.942 74.598 31.522 42.115
33.733 61.65 33.332 85.73 36.992 65.442
42 3 17.193 36.191 53.584 20.515
14.142 24.936 -11.666 16.942 9.499 26.791
45 0 18.373 0.207 30.521 21.595
39 9 -2.888 44.753 37.276 13.693
-5.584 45.168 -41.091 45.693 -8.197 49.431
26 18 -20.266 44.161 20.524 44.439
37.6 37.954 6.065 70.056 39.553 50.807
26.819 47.329 15.173 84.375 41.638 55.659
41 17 19.498 7.906 37.249 18.39
16 41 -29.257 22.112 10.939 47.196
30 33 32.903 69.284 33.996 37.475
31.749 31.275 12.304 67.134 34.823 33.835
20
3 4 -19.084 38.558 10.527 38.18
24 24 48.341 63.604 36.328 34.198
17 13 -20.844 3.578 -10.682 17.206
26 24 -7.537 4.195 -16.332 48.677
1 45 -3.609 88.031 18.424 70.639
28 1 3.532 6.133 15.311 28.184
21 48 -9.191 52.183 5.154 72.288
33 15 48.851 44.218 76.405 26.874
44 12 -8.956 14.359 6.351 41.775
36 34 60.089 63.743 62.533 50.031
17 39 22.657 60.633 34.132 58.556
40 13 3.224 -8.179 29.033 13.863
42 32 -13.581 30.355 15.302 51.396
26 11 -17.363 25.127 -9.103 34.058
36 14 18.373 43.904 41.333 41.487
27 42 -4.17 71.688 17.552 75.7
14 15 -16.57 60.982 14.628 34.99
49 0 64.445 52.329 90.744 19.323
38 45 0.173 71.289 25.29 68.821
14 31 -21.973 60.033 6.155 67.158
35 1 2.01 5.086 33.804 2.603
12.506 43.956 -11.687 74.479 17.909 75.497
14 35 -11.238 67.326 14.366 37.977
53.598 28.172 35.048 65.225 66.717 37.331
19 0 56.579 25.842 40.712 7.586
8 29 -9.868 71.915 7.077 42.969
48 43 2.457 12.952 19.063 50.916
41.979 44.401 72.513 60.547 68.843 47.111
44.848 38.909 30.344 75.823 51.42 69.204
13 1 -4.985 43.409 14.082 15.96
23.399 71.73 -6.512 82.466 24.866 83.64
-0.013 57.929 -23.301 55.348 -8.354 63.446
31.41 27.336 18.984 58.362 34.939 38.806
23 42 34.651 83.439 25.898 44.756
35.972 39.706 12.192 36.166 36.266 41.684
33.571 28.137 40.756 63.822 35.543 28.469
20 21 54.254 39.644 37.903 22.862
7.158 32.414 0.173 55.57 11.419 50.93
34 4 30.035 56.86 52.809 34.695
13.968 19.999 -11.087 53.228 13.654 29.994
15.032 45.652 -29.311 31.034 6.876 49.458
39 6 -3.123 25.042 28.622 26.525
35.325 40.481 13.567 13.433 2.41 57.382
54.318 27.598 44.266 31.464 55.678 29.064
43 42 25.691 81.666 45.016 48.703
34.228 64.629 3.65 55.968 25.236 75.36
32 17 -23.597 16.054 7.151 35.535
32.53 28.905 27.998 51.806 38.129 31.061
37 6 11.729 29.799 34.998 27.908
49 22 38.84 50.736 62.303 45.494
10 47 -7.797 64.556 12.962 68.799
11 38 -22.477 64.081 10.696 38.952
11 36 27.772 88.608 19.796 42.604
26.268 32.884 3.443 63.527 30.617 56.486
32 19 -2.294 37.463 31.811 30.998
7.006 19.999 -16.927 41.075 7.141 62.999
3 2 6.734 24.046 17.167 21.371
22 15 -15.308 23.548 18.636 17.164
15.444 7.905 40.068 30.68 17.364 8.463
19.119 10.929 19.463 -10.257 11.527 13.449
20
48 28 67.081 65.628 69.274 41.129
29 43 -21.95 52.697 10.469 86.192
28 5 -9.233 50.537 25.859 35.925
33 23 24.574 70.77 35.259 52.914
26 48 -1.078 88.69 25.145 64.978
3 8 -44.056 36.803 0.074 21.691
12 19 -28.486 -2.927 -2.233 26.308
6 12 -46.436 -12.806 -31.681 32.715
48 33 27.9 50.832 46.21 62.946
40 12 34.919 39.77 50.029 18.588
18 11 2.541 42.161 25.802 18.753
49 42 -0.818 49.15 40.495 51.832
21 20 13.242 71.418 24.881 35.522
48 3 27.291 -10.271 16.211 21.934
16 31 -0.689 73.443 26.42 38.772
34 37 37.363 99.391 72.475 65.699
33 49 28.898 80.115 62.878 72.478
26 7 60.449 57.291 47.291 12.538
45 5 61.543 36.245 91.833 19.407
32 47 -2.898 81.743 14.405 74.918
31 18 10.94 42.137 37.379 35.896
10 17 -48.821 16.967 7.55 18.732
34 39 2.013 90.893 36.927 56.76
16 39 17.703 87.847 22.493 49.091
20 5 4.638 51.011 19.639 9.986
16.089 42.268 10.446 16.809 13.119 42.69
37 27 36.855 73.043 45.235 32.672
24.612 6.456 46.66 44.165 42.674 23.741
14.909 9.51 -14.047 27.439 10.274 23.776
47 35 -2.271 45.264 43.367 39.775
41 16 2.259 -0.708 31.099 17.409
47 29 50.263 84.075 56.173 36.735
46.301 26.996 6.967 53.993 46.351 28.995
11.468 48.42 -34.291 65.449 10.461 52.291
36.945 7.164 13.974 8.682 24.728 27.822
47 27 18.091 66.866 36.824 50.926
39.48 18.587 6.973 8.776 35.43 25.485
36 39 10.687 14.316 15.001 39.263
28.269 15.022 -17.075 -10.212 3.133 33.165
59.755 21.942 44.777 42.354 79.429 41.865
4.206 2.032 -1.111 62.404 37.298 32.527
27 48 60.257 95.528 38.998 48.188
20 44 -31.151 52.574 7.983 70.393
-3.716 38.613 -46.143 31.62 -6.643 56.374
24 2 -27.119 -7.529 16.176 3.671
11.309 17.562 -13.696 28.177 20.619 34.125
20.148 49.474 -1.475 44.436 9.812 76.57
14.011 28.427 -26.999 10.59 6.022 28.854
23 16 -11.646 19.101 22.308 18.919
20.803 19.06 -10.127 -12.487 16.931 22.223
16 16 -16.975 47.506 19.809 23.034
22 44 8.043 68.54 27.471 51.145
-10.544 29.935 -34.669 34.727 -16.075 34.225
12 17 -12.58 17.894 8.684 24.28
56.924 45.511 54.057 86.643 62.278 48.219
37.41 46.786 53.322 100.895 59.906 63.456
-2.308 25.175 -48.253 23.746 -7.335 30.046
37 43 12.933 100.661 38.387 45.66
-0.694 20.691 -35.536 3.056 -5.566 21.812
46 46 19.134 46.506 41.838 50.321
20
49 34 56.442 88.723 69.955 59.492
20 18 -22.339 45.701 29.426 53.779
18 36 -17.09 65.894 40.928 79.304
20 45 47.601 98.433 55.626 54.987
6 45 -42.986 78.709 3.171 65.808
17 37 -24.376 59.315 18.098 50.956
9 22 21.525 63.074 31.592 26.309
34 47 -12.348 33.112 26.591 57.682
46 27 2.165 12.909 31.777 38.032
44 38 57.817 96.839 59.313 45.382
28 39 -16.976 46.147 5.979 50.836
46 9 39.03 23.711 53.914 28.451
41 27 51.418 82.058 70.263 55.716
28 49 -15.601 76.366 29.494 76.96
22 5 4.526 55.996 31.671 21.354
49 22 11.734 48.613 32.295 61.622
11 32 -0.647 45.466 9.162 70.956
6 18 -51.788 53.727 -1.827 45.923
47 14 47.25 61.801 73.984 21.473
42 10 26.583 69.894 62.444 54.531
35 38 -10.123 60.887 38.825 63.717
-13.407 54.453 -5.803 34.777 -18.965 58.709
1.669 31.221 -49.218 9.762 -4.846 35.862
44 7 -7.37 3.673 42.376 9.522
25 31 -22.68 66.532 24.222 38.962
7.41 36.112 -19.438 65.98 15.206 50.085
19 43 -21.175 82.062 13.857 69.505
8 0 -30.661 29.091 11.239 9.46
69.978 50.061 58.026 97.613 80.969 50.51
-10.26 73.148 -33.402 25.467 -16.125 82.454
17.952 52.524 -22.634 84.846 18.523 55.469
8 41 -5.411 31.772 -1.745 43.242
4.318 5.374 -31.578 -27.311 -5.326 8.013
46 49 50.136 94.911 83.685 53.881
39.482 27.333 42.262 68.092 46.153 29.454
9.016 31.536 -3.531 -10.789 4.024 31.835
31.977 7.94 -7.781 45.077 33.566 20.842
28 11 75.13 51.046 31.999 11.087
39.701 16.44 -5.373 5.987 38.711 19.272
56.061 28.315 48.018 72.137 58.89 29.314
8.064 33.797 -29.329 15.529 -29.449 39.86
43 43 -17 50.277 38.225 50.629
8 6 -7.181 64.193 26.218 34.707
2 4 -15.684 1.935 -25.284 20.719
14.079 53.572 11.817 78.47 15.129 55.274
34 4 -4.081 29.88 33.965 14.999
47 37 31.42 -8.191 30.027 37.96
2.365 18.65 -51.21 42.871 -16.023 59.721
13 10 -14.743 56.22 15.861 18.532
21 34 63.759 49.673 43.997 34.361
21 49 -5.869 86.081 20.623 53.985
1 43 -29.817 72.904 2.974 49.715
23.45 5.965 1.389 53.823 27.957 35.625
45.524 6.694 1.956 -18.022 24.891 20.811
9.506 14.995 -5.777 -28.574 -0.519 19.522
26 44 -13.418 69.616 27.435 52.884
-16.73 44.804 -40.049 15.8 -30.59 46.776
41.149 55.585 29.362 53.123 38.014 66.128
44 9 4.803 64.494 47.339 34.784
49 33 -3.683 16.433 46.091 33.736
0
